1286	1505	1579	2083	28	3169	3932	567							
2364	28	5320	809											
28	5320	6852	809											
17	2002	2461	28	3407	809	853								
1845	1990	2001	2002	28	3714	373	809	853						
1505	2002	28	3407	3932	567									
1505	1990	2001	2002	28	373	853								
1286	2366	3169	3714	809										
2365	25	3109	809											
2365	24	25	809											
1652	3266	809												
1286	210	3407	809											
309	4481	809												
7	809	936												
1286	3510	809												
325	3407	3932	809											
1845	3407	809	913											
1576	1853	5320												
1853	4747	5320												
3095	4865	5320												
1853	2900	5320												
3106	3107	5320												
1505	1579	1848	1990	2083	211	2714	32	373	567	619				
1505	1579	1990	2082	2083	211	2366	2714	32	567					
1505	1579	1848	2082	2083	211	2210	3463	567						
1505	1579	1848	1990	211	2284	2714	32	373	567	619				
1505	1575	1579	1727	1990	200	2206	2270	32	567					
10341	1505	1575	1579	1727	1990	2858	32	567	619					
1505	1579	200	2270	3169	3831	4920	567							
1505	1579	2346	3831	4920	567	637								
1505	1579	211	2206	2270	2284	3169	32	3831	4506	567				
10341	1434	1505	1579	275	2858	32	3831	567						
1286	1505	1579	1727	2646	3169	32	3463	3831	3932	567				
1505	1579	2082	211	2210	2284	2346	3463	3831	567					
1505	1579	1848	211	2210	3831	567	636							
10341	1434	1505	1767	275	2858	32	3831	567						
1505	2082	2270	3510	3754	3831	567								
1434	1505	1727	2366	2459	3831	567								
1505	1579	1771	1848	1991	32	567	637							
1505	1579	2270	2284	3463	4939	567	619							
1505	1579	1991	4939	567	637									
1505	1987	1991	567											
1505	1575	1579	1711	2001	211	32	3831							
1505	1575	1990	2001	2002	2714	3270	373	619						
1505	2001	2082	211	2714	3683	3831	619							
1499	1505	5759												
1286	1505	1727	3169	3767	3831									
1505	1579	2082	2346	2366	2458	3169								
1505	2459	2645	2858	3831										
1038	1505	1579	2646	3463	3831	9731								
1505	1579	2082	2284	2366	2714	3463	3831	9731						
1505	2272	2284	2346	275	32	3831								
1416	1505	656												
17	210	4	853											
17	2449	2701	559											
17	2858	3843	730											
17	1955	2002	2461	853										
17	1846	2449	3325	4113										
17	1846	1989	3708	4113										
17	1846	1989	3307	3708										
17	1846	2858	3307	7	913									
17	3170	335	4113											
16	17	2858												
17	1989	2268	2449	4113										
17	1710	2210	335											
17	335	7	9731											
17	1989	2449	3509											
1139	17	2726	4370											
17	2727	6477	921											
1466	2002	2444	853											
1927	2932	3315	3331	853										
3714	566	853												
1578	1718	2461	3248	3249	3464	853								
1165	2461	3103	3104	3754	4	853								
1988	210	2720	3643	853										
2001	2714	3308	3464	853										
3103	3324	853												
210	2221	2443	3018	3315	853	885								
2443	3308	3309	3315	563	853									
1466	2221	2443	2902	853										
2001	2443	3464	4913	853										
1165	1287	2443	3315	853										
1116	2001	3103	3104	3309	853	9904								
1286	1383	1437	1845	193	2720	275								
1038	1286	1579	1846	2	32	3831	567							
10341	1286	1383	1767	1845	1859	275	3831							
1286	2714	3407	7											
1286	1597	3932	619											
1286	2858	2900	3325	7										
1286	1859	196	1988											
1286	1383	1450	1767	210	275									
1118	1286	3438												
1116	1286	1287	193											
1286	1305	2366	3438											
1286	1579	1991	2	2284	275	2858	32	3831	3932	567				
1286	195	2082												
1039	1286	1287	1383	1767	1859	193	2720	275						
1286	2083	211	2714	3169	3463	3683	3714	567						
1286	1305	1859	210	2720	3463									
1286	1383	1767	2	275	3463	3831	4506	619						
1286	1767	1991	2	210	2284	275	32	3463	4506	567				
1039	1044	1286	1767	1859	210	2720	275	32	3463					
1044	1286	210	2720	3463	6943									
1039	1286	1767	1859	1862	2720	275	3463							
1286	2	2284	2343	275	3463									
1990	203	217	2347	243	2449	3105	4919	4933	555	556	564	730		
1162	1990	203	217	243	2449	2533	2858	3717						
1579	1990	211	2444	636	637									
1928	1990	3173	4683											
1990	1991	5887												
1990	2533	336	838											
1848	1990	2	2083	211	2270	3131	567	619						
1444	1575	1845	1990	2001	211	2714	32	3270	373	619	692			
1990	2	211	2728	336	4506	619								
1845	1990	2001	211	2321	3270	336	619	636						
1437	1845	1990	211	2321	2728	3270	336	619	636					
1437	1845	1990	3270	3714	3717	4919	619	636	838					
1575	1990	211	2270	2535	3270	3683	3717	567	619	636				
1444	1575	1845	1990	2001	211	2393	2714	3270	3683	3714	3717	619	636	
1444	1575	1845	1990	211	2321	2714	2728	3270	3714	3717	619	636		
1437	1444	1575	1845	1990	211	2321	3173	3270	3714	3717	373	619	636	838
1845	1990	211	2285	2321	2728	3270	3714	3717	619	636				
1845	1990	211	2285	2728	3270	3683	3714	3717	619	636				
1646	1845	1990	211	2285	2535	3173	3270	3717	619	636	838			
1444	1646	1845	1990	211	2535	3131	3173	3270	3717	373	619	636	838	
1579	1848	1990	275	2858	619	913								
1990	2	211	32	33	619									
1143	1990	2267	243	2459	2858	619	913							
1848	1990	4919	8788											
1928	1990	2459	3173	636										
1928	1990	211	2444	3270	3714	636								
1444	1928	1990	211	3131	3173	3270	3714	3717	373	636				
1990	2082	2458	692											
1575	1990	211	2360	3270	3683	636								
1719	2002	2461	567	727										
2001	2002	7711	7712											
1575	1845	2002	243	2858	3717	3831	619							
1579	2002	3831	567	619	872									
2001	3325	3342												
192	2001	2460	283	3315										
1845	192	2001	211	2444	2460	619								
1383	1444	1575	1845	2001	211	2714	3270	3683	3714	3717	373	619	636	
1508	2001	3890	619											
1646	2001	619	872											
1165	2001	3466	3467	4										
1165	2001	2107	2643	3467	5507									
1456	2001	3466	3467	727										
1699	1955	2001	3754											
2001	2443	2804	3309											
1584	3463	3754	3932	3998	5697									
15455	200	2107	2643	3932	5507	5697								
2082	2210	3438	3932	567										
2	2270	2945	3463	3932	567									
1579	199	2082	2270	3169	3932	567								
1579	199	2270	2646	3169	3932	567								
3098	3438	3932												
3261	3264	3932	4809											
2	33	3932	619	911										
134	3438	3932												
1413	33	3466	3932	4										
1597	2643	2945	3932	3998	5507									
1727	2107	2182	2643	3463	3932	3998	5507	619						
2210	3315	3932	9731											
1413	3751	3932												
1446	1575	1646	1845	211	2393	33	636							
1446	1845	33	4											
1845	2444	2460	3407											
1383	1444	1845	1859	2393	2535	3714	838							
1575	1845	1846	243	2858	32	3717	3831	619						
10341	1383	1845	243	2720	275	619	913							
1383	1444	1575	1845	211	2393	2535	3173	3270	33	3717	619	636	838	
1383	1437	1444	1575	1845	211	257	2728	3270	3714	619	636			
1444	1575	1845	211	257	2714	3270	3683	3714	619	636	692			
1575	1845	2393	2535	3173	3270	3717	619	636	838	935				
1575	1845	1848	211	2858	3270	3717	3831	619	636					
10341	1845	217	243	2858	32	3717	3831	619						
1437	1444	1845	3270	4482	619	636								
2461	325	3407	3464											
3248	3249	3714	373	5697										
2444	3714	3715	619											
1848	310	3131	3714											
1038	1575	1579	1846	2444	2714	3169								
1579	1846	3248	4506	567										
1575	1579	1846	2206	2714	3169	32	3831	567						
1579	1771	1848	1991	2	2284	32	4506	567						
1575	1579	1848	2533	2858	32	3831	567							
1579	2270	3169	32	3463	4448	4506	567							
1579	2366	32	3831	567	872									
1576	1577	1579	1991	2346										
1578	1579	1991	3248	4506										
1992	3288	5659												
1861	3505	3751	567	656										
2945	3463	3505	3754	6943										
1414	1857	1868	291	3505	6943									
20661	2267	2945	3505	3754										
1861	1862	3463	3505	3831										
15091	1697	1698	1738	3505	656	8299								
1414	1698	1862	1994	291	3305	3505	3754	4659						
2267	335	3505	913											
1143	2715	3505	5658	913										
1143	1857	2858	3505	3509	913									
1857	1861	197	3505	656										
1143	1162	1857	217	2858	289	2937	3505							
1857	1862	291	2937	3505	3751									
1862	291	2937	3027	3505	3751									
15091	1696	291	3505	4913	8299									
1414	217	291	3467	3505	3754									
1857	217	2858	2937	3505	3751	859								
1857	3299	335	3505	4913	8299									
3505	794	807	808	8299										
3505	8299	872												
2183	2267	2268	2343	3439	3505	6965								
3505	4809	8633												
3503	3505	4809												
15458	3505	4809												
1722	3505	4809	5283	6972										
2937	3027	3299	3505	3776										
14445	2343	3505	3776											
3505	3776	794	807	9155										
1180	1862	2183	2842	3505	3776	4960								
15091	1696	1861	1862	2842	3505	3776								
1931	2268	2343	3505											
3248	3249	3754	5697	6943										
1736	2344	2444	6943											
1736	2444	6943	914											
1989	2444	4655	6943											
1989	2444	562	6943											
2680	4425	6943	794											
3098	3282	6943												
15091	656	6943	839											
2189	310	6943												
3251	5283	6943												
1497	656	6943	794	799	881									
15091	1861	3299	656	6943	881									
1414	1736	5697	6943											
1044	1414	1437	2720	6943										
1414	2718	3282	6943											
1162	2720	3251	3282	6943										
20661	2715	2829	3325	4113										
1696	20661	5658	6054											
1696	1697	1738	20661	6054										
13843	1643	20661	2715	5652	605									
13843	162	20458	20661	2715										
13843	20661	2267	243	2459	3439	3754	4919							
13843	203	20661	4865	8780										
1162	13843	1437	20661	3108	605	808								
20661	2459	2507	3888											
1653	20661	2267	619											
15083	20661	3224												
20661	2459	7884												
1143	1598	20661	3299											
162	20661	3299	3715	7607										
1598	20661	3299	3715	7607										
1928	20661	4919	4962											
20661	2900	3439	3463	3754										
1416	203	20661	8780											
1654	20661	2842												
20661	2210	5163	557	9466										
10898	20661	2939	808											
1643	1928	20661	3300	7607										
1643	20661	2715	3108	54										
15083	1624	20661	8780											
11724	1437	20661	5163	557	605									
1937	1999	20661												
1413	20661	2267												
1727	200	243	2459	2858	3831	567								
1584	2459	2858	3754	3831	567									
1862	2082	2210	291	3831	9731									
1767	2272	3093	3831											
309	3831	619	872											
1846	1862	2082	2210	3831										
1163	1698	295	4960	5106										
1698	4476	4932												
13843	15091	1698	1869	2842	3757									
13843	1698	1767	1869	1994	3305									
15091	1698	2289	2842	4009										
1444	1698	295	33											
1697	1698	1868	3284	4871										
1443	14445	1696	1697	1698	4015									
1443	1696	1697	1698	2289	5106	6054								
1696	1697	1698	2289	295	4650	6054	8299							
11724	1443	15091	1696	1697	1698	2289	2842	3757						
11724	1245	1443	15091	1696	1697	1698	2842	9731						
1696	1697	1698	1709	1710	5282	6477								
1696	1697	1698	1738	2680	2842	921								
1696	1697	1698	1709	1710	2210	3284								
1696	1697	1698	291	295	3643	5106								
1444	1697	1698	1994	3284	6054	8299								
11724	1444	1596	1697	1698	1994	2680								
1697	1698	1869	291	295										
1697	1698	1709	1710	1868	2680	291	3643							
1697	1698	1709	1710	1994	4015	6054								
1696	1698	1699	4960	919										
1698	4652	8299	919											
1698	1859	1862	2720	3643	4659									
1045	1443	1698	1767	1994	2535	3754								
11724	1443	1698	2289	291	3754	5106	838							
11724	1414	15091	1696	1698	3754	3757								
11724	1443	15091	1696	1698	1862	291	3467	3754						
11724	15091	1698	557	885										
1698	2718	4960												
1437	1444	1575	1698	2680	2720									
11724	1414	1437	1444	15091	1698									
1698	1709	291	4920											
14445	1596	1698	5163	605	656									
1444	1698	2680	4476	5662	6054									
1698	3757	4651												
1696	1699	1861	2078	567										
1696	1699	3754	4395											
1696	1848	2289	4919	4962										
1696	2289	295	4919	885										
1696	2078	2459	3509	913										
1696	2507	6477	913											
1696	2305	2842	3776	4960										
1456	1696	3467	935											
1696	3509	4015	913											
1696	1697	1709	1710	6477	913	921								
15091	1696	291	3467	3754	4962	5106								
1696	1709	1710	2680	4913	6054									
2873	3318	3776	5283	794										
1504	2731	284	2873	5283										
1050	324	4476	5283											
15457	1722	5283	937											
1855	3776	5283												
1246	284	5283												
1504	1931	289	5283											
5283	656	661												
12585	1497	5283	5675											
1497	15457	3129	5283											
1497	15457	17814	5283											
195	196	3509	5283											
12693	1415	1931	2348	4809	5283									
12693	1931	2348	4401	4809	5283									
1722	2731	3318	4809	5283	6472	9155	9309							
2731	2972	3318	4479	4809	5172	5283	6336	6472						
1489	1854	3262	4809	5283										
1931	2348	4401	4809	5283	6972									
2444	2459	2507	3300	913										
1305	2720	3664	913											
2106	2720	3664	3717	4659	730	838	913							
1712	1848	2106	2267	3717	913									
12978	911	913												
1143	1416	1988	2217	3301	913									
1143	1988	2715	3301	5658	913									
1162	2069	2106	217	243	2533	3305	3717	4659	913					
2715	3299	5167	913											
1143	2217	2459	2507	3301	661	913								
1143	1162	1735	1857	217	245	2715	913							
243	2459	2507	275	3206	913									
3206	3507	913												
1143	1735	243	2459	2858	3301	661	913							
1436	1846	243	2858	913										
1143	217	243	245	2858	3717	619	913							
1143	1857	2858	3301	7	859	913								
10341	2459	2858	3509	913										
1857	197	3509	913	921										
15091	162	3467	3754											
1414	15091	1869	1994	291	3282									
15091	2177	2680	291	4009										
11724	13843	15091	324	3754	881									
1163	11724	15091	3751	3754	656									
11724	1437	15091	3270	656										
11724	13843	15091	3754	5106	6259									
11724	1245	1443	15091	3757	605	881								
1437	15091	3299	5163	605	656	881								
1443	15091	1861	3757	881										
11724	2267	2285	2535	3754	557	838								
11724	1598	1994	2535	3173	3754	838								
11724	210	3754	3757	881										
11724	1596	1699	210	9309										
11724	5106	6336	8780											
10898	11724	1862	2267											
10898	11724	3751	881											
11724	13843	5950	881											
11724	1414	1697	2347	291	5106									
11724	2270	2535	3173	3270	636									
11724	1862	1994	2842	3463	9731									
11724	3318	5106	5662											
11724	1596	1738	3776											
1050	6054	656	657	8299										
1050	1709	1710	6054	656	8299									
210	3130	656												
3299	3754	567	656	881										
1436	1497	558	656	8788	881									
1497	1709	656	839											
1247	4864	4899	4932	656										
4425	6472	656	794											
14298	1497	558	6015	656	794	799								
17814	1931	4864	656	794										
1416	6015	656	881											
11069	1162	1735	2715	2829										
1180	1735	2343	2449	2829	3325	4113								
11069	1735	2207	2829	3325	3439									
1143	1735	197	3301	566										
1735	2183	3439	3776	4864	7436	794								
1730	1731	1735	1736	3664	4747									
1139	1731	1735	2449	3325										
1735	1868	2343	2449	3325	4113	6965								
1	1735	2284	4298	4401										
1	1735	2343	4298	7436										
11069	1139	1735	2207	3325										
1735	4297	4401	7712											
1735	1931	4370	7712											
210	2272	2322	289											
1162	243	2701	289											
10341	1247	203	217	289										
288	289	290	291											
1578	1718	2272	289	3315										
1771	289	3466	727											
1143	1857	1988	217	245	289	2937	3301							
1577	1578	289												
1578	2272	289	3777	3883										
2078	289	3509	3715											
10341	243	2858	289	2937	3717	3773	3843							
10341	203	217	243	2858	289	32	3717							
1162	203	217	243	2858	289	2937	3282	3717	3773					
203	217	243	2858	289	2937	3282	3301	3325						
2272	2858	289	3883	4448	727									
1436	245	2858	289	4448										
1999	289	3224												
1869	2348	291	3109											
1414	1869	2106	24	291	3305									
1414	2106	217	26	291	2937	3282								
1712	1848	2106	2533	291										
1709	1994	2106	291	838										
291	2937	3922	5106	730										
291	3922	5106	9309											
1738	291	3922	5106											
291	2937	295	3105	3308	4962	5106								
291	3105	4962	5106	9731										
1437	257	291	295											
2082	2289	291	335	3754	4962									
1414	1994	291	2937	4659	5106	555								
1697	1848	2720	291	3643										
282	291	3754	838											
1143	1436	1710	3315	4015										
1143	4015	54	5658											
1143	1414	217	2347	243	2718	2937	3282	555	556	564				
1143	1575	1727	1767	243	2858	567	619							
1143	243	2858	2937	3301	3773	566	7	838						
1	1143	217	243	275	2858	567	619							
1143	217	243	2858	2937	3301	4933	566							
1143	3773	4899	838											
1143	5661	793												
1143	1857	2858	3664	3773										
1143	1857	217	2858	2937	3301	3773	859							
1143	1416	1857	196	2858	3301	859								
1	1143	1598	1727	1994	566	838								
203	217	2347	2939	3325	4659	555	556	564						
217	2347	243	2449	2718	3105	4919	4933	555	556	564				
1162	203	217	2347	243	26	2937	4933	555	556					
203	217	2347	243	26	3105	4919	4933	555	556	564				
196	203	217	243	4659	555	556								
1848	203	2106	217	2267	243	3717	4919	730	838					
1117	1848	2069	217	243	3305	4659	730							
2069	217	243	2937	3305	3308	4659	730							
1848	2106	217	243	2535	3305	3717	3774	4659	730					
1848	217	2272	243	2535	2858	4659	619	730						
10341	1434	217	243	2858	3282	566								
10341	2106	217	243	2535	2858	3717	3774	566						
10341	203	217	243	2535	2858	3325	3717	566	619					
2069	2106	217	243	2533	2858	2937	3282	3325	3717	4659	566	730	838	
196	203	217	243	2858	3301	3773	4659	566						
203	217	243	2937	3282	3301	3325	4659	564						
1414	1988	217	2937	3305	3308									
1414	1868	1988	217	2720										
196	203	217	3105	3308	3309	3751								
1857	217	2937	3308	3751	4933									
196	217	3105	3308	4962	859									
1162	1414	1868	203	217	2937									
195	196	203	217	2449	2858	3105								
196	203	217	3105	3308	3309	4919								
1994	2829	3305	3307	3776	4659	730								
1246	273	4659												
2939	3107	4659												
1767	1862	1994	3305	3754	3776	4659	566	730						
1727	243	2533	2858	2937	3717	3754	4659	566	838					
1118	1848	2533	3643	4659										
1727	197	2393	4659	566	619									
1163	1848	2106	2305	2535	3173	3305	4659	838						
1118	1163	1848	2535	3305	4659									
1163	1848	2535	3173	3643	4659									
1575	1848	243	2535	2720	3305	3717	4659	730	838					
1575	1727	1994	2393	243	2535	3173	3717	4659	566	619	838			
1045	1727	1859	1994	2305	2535	4659	566							
1727	1994	2305	2535	2900	3173	3305	3439	3754	4659	566	838			
1	1118	1848	2272	2535	4659									
2106	2270	2535	2858	3173	3717	3754	4659							
2069	2106	273	3282	3305	4659									
2720	273	3643	4659											
1117	1584	2069	2858	4659										
1994	2106	2305	2900	3664	4659	566	838							
2267	3250	4659												
1163	1859	196	2305	4659	566									
195	203	2829	4659	556										
1444	1857	5662	692	8299										
3299	335	5163	605	6054	8299									
1596	1598	3299	605	6054	8299									
1857	4913	6054	808	8299										
1598	1857	1994	605	6054	8299									
1598	2289	5106	5662	6054	8299									
4650	5353	6054	8299											
1273	4864	4899	5662	6054	8299									
1050	12585	1710	6054	8299										
12585	4864	5282	6054	8299										
4864	5163	54	8299											
257	3284	4864	605	794	8299									
1994	3284	4864	5163	605	794	8299								
12585	3284	4864	794	8299										
2177	3284	657	8299											
4651	657	8299	921											
4913	657	808	8299	921										
2937	3018	3027	3308	3751	730									
245	2937	3018	3027	859										
1162	1414	203	2106	243	2937	3109	3305							
2106	3173	3305	336	838										
1414	17592	2106	3305											
1180	13843	2106	2267	3305	3439									
203	2106	243	2533	2829	3105	3305	3325	566	730					
1643	2106	3305	559											
2106	2305	3305	3526	3754										
1045	1414	1988	2106	3305										
1643	2106	2939	3305	808										
2106	243	2535	3206	3305	3754									
1045	1414	1861	1869	2106	3305									
1575	2183	3305	3776	4960	6965									
1118	1599	3305												
1862	2183	2267	3305	564	6965	730								
2183	2829	3105	3305	3325	6965	730								
1869	2183	2829	3305	7436										
1414	203	2939	3305	4370										
1162	324	3299												
3299	3304	3307												
1598	3299	3307	3776	4960	8780									
288	325	3299												
3299	3300	3301	3304											
2107	2272	3299	5507											
1414	1869	2106	2533	2715	3282									
1643	2189	2715	3325											
2078	2343	2715												
1273	15083	2715	4899	54	6015									
1050	1162	1273	13843	1437	2715									
1273	15083	203	2715											
1	2284	2715	2829	5163	557									
1416	1697	2715	6015											
1	2715	5163	557	6015										
1414	1437	1868	1869	2343	2715									
1	1868	1869	2107	2715	5507	605								
1	1162	1868	2715	557	605									
1305	14445	4425												
12693	14445	2507												
14445	2507	6972												
1444	14445	2842	619											
14445	15083	2107	2680	5507										
14445	2348	4425	4864	794	9155									
14445	1596	3129	3776	4864	794									
14445	3776	4864	5172	794										
14445	2680	794	989											
14445	2459	2805												
14445	1738	17814	2805											
14445	1868	1869	2107	5507	605									
1931	2268	2444	2459											
1989	2268	2444	3300	3439										
13843	2268	2347	2718	3282	4919	555	556	564						
2268	3300	5053	559	885										
13843	1624	2268	3316	5106	556									
13843	2268	2347	2718	3316	555	556	564							
11069	2106	2268	3439	559										
13843	2268	2347	2718	555	556	558	564							
2268	2347	555	556	6259	8788									
1038	2268	5053	6259											
1180	2106	2267	2268	3439	730									
13843	2106	2267	2268	3439	7436									
1712	2210	2267	2268	2945	3754									
1624	2267	2268	324	885										
2210	2267	2268	2945	885										
2267	2268	2945	4479	555	556	6259								
2267	2268	2271	2945	4479	555	556								
2210	2267	2268	2347	3260	564									
2183	2268	3324	3439	3776	6965									
2268	2347	3260	555	564	799									
2268	5053	6259	885											
1712	1989	2268	4919											
1927	2267	2932	3330	3331										
2267	2347	324	3318	555	556	564	730							
2267	3438	3439	730											
1862	2267	2289	3754	730	838									
1712	1848	2267	2285	3717	4919	636								
1653	2078	2267	2839	4448										
2078	2267	2839	288	3246										
13843	1414	203	2267	4919	5106	556	838							
13843	193	2267	6259											
1414	2267	2718	2945	555	556	564								
2082	2210	2267	2271	2900	2945									
2082	2267	2271	2900	3843										
335	336	5266	5267											
20420	2176	2726	335	5266										
1139	2176	2348	24	335										
3109	335	5163	558	8788										
2645	3170	335	4919											
1931	3170	335	4113											
1710	20420	335	4913											
12585	335	4009	4913											
2347	2458	3109	335	4919	4933	8788								
2289	2347	2458	335	4919	4933									
2289	2458	335	3754	4395	4919									
2347	2458	335	4009	8788	881									
1931	335	4864	794	9466										
335	4479	4864	5167	794										
2082	2945	335	3754	4962										
1139	2726	2727	335	657	794									
1139	2726	335	5167	794										
1857	2726	2727	335											
1139	24	335	4913	7										
1046	335	4009	4919	8788										
10898	4491	807	808											
4491	5950	807	808											
1245	1247	3109	4865	807										
1247	1504	1738	4865	807										
1247	1738	3097	4865	807										
1247	26	2805	4865	807										
1247	1738	1861	2805	4865	807									
2939	5950	807	808											
10898	1139	1247	807											
1139	5950	807	808											
1504	5167	6477	807	940										
1139	2176	2360	24	807	808									
2176	2360	4877	807	808										
1931	2176	807	808	9731										
2176	2348	3973	6472	807	940									
2176	2348	2360	2731	284	4809	6972	807	940						
2176	2348	2349	2360	2731	4809	5172	807	940						
12693	1931	2176	2348	4809	6472	794	807							
1931	2176	2348	4809	807	9155	9731								
1245	2348	26	807	9731										
1861	2805	799	807											
4809	4864	5172	794	799	807									
2189	3973	808												
1162	13843	26	3108	3129	808									
1162	13843	24	3129	5652	808									
1415	3300	808	921											
1497	1994	4864	605	794	808									
1738	1928	808	921											
1994	2939	3129	808											
1162	17814	1994	3108	794	808									
1139	14298	4864	5163	5167	794	808								
2366	3093	808												
24	5652	799	808											
1643	5163	808	921											
1139	3109	4913	5163	808										
5164	5167	808	921											
285	808	921												
4370	6477	808	921											
2347	2937	3105	5106	555	556	6259								
2535	2937	3751	3776	4960	5106									
1988	2937	3103	3308	3309										
2345	2937	3103												
1038	2937	3282	3324											
1414	1444	203	2535	2937	3717	838								
2937	4876	4877	4878											
1414	1654	1988	2533	2937										
1994	2900	2937	3717	3773	3843	566								
1142	2858	2937												
2937	3109	3843	3922											
1859	203	243	2937	3105	3301	4933	566							
2458	2937	3105	3535	4933										
1988	2533	2937	3105	3325	7									
243	2937	3105	3301	3308	7									
2347	2937	3105	4298	555	556	564								
2175	2271	2900	2945											
210	2107	2643	2718	2945	4809	5507								
2945	3318	4479	4809	555	6336	9155								
2718	2945	4809	555	6336	7712									
2718	2945	3318	4809	555	6336	6972								
12693	2349	2945	4479	4809	6336									
199	2533	2945	567											
15455	2107	2643	2945	3998	4858	5167	5507	567	6833					
15455	1699	2107	2349	2643	2945	5507								
2285	2535	2945	3998	6833										
2945	3774	9309												
1498	1654	1699	2107	2182	2643	2945	3998	4858	5507	6833				
2107	2945	3463	5507	557										
3751	3758	3843												
1584	287	3751												
3192	3751	859												
2443	2713	3308	3309	3751										
3751	4108	859												
2444	2459	2507	3408	3439										
1180	162	3439	3776	4864	794									
11069	1180	162	3324	3439										
1989	3439	4865	730											
2305	2535	2538	3439											
1861	1989	2538	3439											
1165	1444	1727	2535	2842	3270	3439								
1165	1444	2305	2535	2720	2842	3439								
2842	3170	3439												
1858	1928	3439	885											
2645	2872	3439												
3259	3439	3843												
1999	3260	3439												
1444	1994	2720	3439	4864	566	794	838							
1994	2720	2842	3439	730	9731									
1994	1999	2720	3439	3463										
1045	1443	1767	1994	2535	3439	3754								
1727	1767	1994	2535	2842	3173	3439								
2873	3307	3776	4476	794										
4637	7421	794												
2176	4297	5662	794											
2183	2873	3776	4864	7436	794									
162	3776	4864	6972	794										
12693	2348	4009	4425	4809	4864	794								
2348	4009	4425	4809	4864	5172	794								
1165	14298	4864	794	799										
1139	12585	14298	4864	794										
2183	3284	4864	5167	6965	794									
4864	5163	5167	5282	605	794									
1596	3887	4864	794											
1444	1931	1994	2176	2680	4864	794								
1596	4809	4864	5163	605	794									
1162	1994	3284	5652	605	794									
1162	1994	5282	5652	605	794									
2348	2360	4479	4809	6472	794	9155	989							
12693	2348	2360	284	4479	4809	794	989							
12693	2176	4476	4809	5662	794									
2176	4476	4809	5662	794	9155									
2176	4476	4809	5662	6972	794									
2348	2360	284	4425	4479	4809	6972	794							
1727	2459	2535	3998	567	619									
243	2459	2507	275	2858	3754									
1727	2459	2507	3888											
2459	2507	558	881											
2366	2458	2459	2507	4933										
2207	2458	2459	2460	2461	2507									
14940	1925	2459												
2366	2444	2459	3843											
2444	2459	3324	637											
2458	2459	2645	4919	4933										
2459	2858	3685												
1738	2873	5662												
1444	1738	1931	2680											
1624	1738	2805	8780											
162	1738	17814	3776	8780										
13843	162	1738	3129	8780										
1738	17749	1928	4634											
162	1722	1738	20458											
1738	1861	2349	2805	921										
1862	2842	5950	730	9731										
1862	1864	275	3463											
1576	1862	694												
16629	1862	4652												
1038	1862	3282	7436											
1862	3018	3216												
1862	2183	2343	3282	564	730	7436								
1598	1862	2210	2289	3754										
1862	2842	3775	3776	4960										
1862	1994	3307	3776	4476	730									
1856	1857	3509												
1497	1857	605	7607											
1857	196	3509	4370											
1436	15457	1861	881											
1861	197	2105	2106											
133	1436	1861	2349	3315										
133	1436	1861	2349	292	921									
14918	1858	1859	1861											
1861	2728	2828												
1416	1727	1859	1861	3463										
1861	3259	3267	3315											
1861	1999	3251												
1861	197	2349	244	2842	921									
1162	1163	1164	1165	6965										
1162	2284	2449	324	4899										
1162	162	32												
1	1162	1415	2284	243	2829	557	566							
1	1162	2284	243	32	4401									
1	1162	13843	1414	1994	3108	605								
1162	1868	5282	6965											
1162	3108	3251	3282											
1162	557	566	657											
1869	2343	4491	5167	6965										
162	20458	3282	6965											
1869	3282	3973	6965											
2343	3105	3535	4298	555	556	564	6965							
1989	2183	2873	3776	6965	730									
1868	2107	2182	2183	3325	5507	6965								
1575	2107	2360	2643	2842	5507	555	6965							
2343	2449	2829	3105	3325	555	730	7436							
162	20458	3776	7436											
3535	3973	4298	7436											
1989	2343	4113	5167	7436										
1868	1869	2107	2182	2183	5167	5507	7436							
1165	2107	2183	2643	2842	5507	7436								
2107	2183	2643	2829	4960	5507	555	7436							
1180	162	20458	3776											
1180	1869	3282	3973											
1	1180	2343	3535	4298	555									
11069	1180	2107	2829	4960	5507									
1180	1989	2183	2873	3776	730									
1180	2182	2183	2343	3105	3325	564	730							
1180	2107	2360	2643	2842	5507	555								
12693	162	1722												
12693	2731	2972	3192	3318	4747	4809	5629	661						
12693	2176	2177	2731	2972	3192	3684	4747	4809	5	5629	661	728	938	940
12693	1931	2176	2348	4476	4809	9731								
12693	210	2348	2538	3473	4809	4878	9309							
12693	2718	3767	4809	555	9309									
12693	210	3131	325	4809	6336									
12693	2349	283	4809											
12693	4809	5053	799											
2507	2731	3192	4747	5	661	9155	940							
2286	2348	4809	6472	9155										
2176	2348	2538	3684	4809	5629	728	9155	9309	938					
2176	2177	2348	2731	284	4809	5629	9155	940						
2348	2360	2731	3473	3684	4809	4878	6336	728	9155	938				
2718	3767	4809	555	6336	9155									
2176	2731	2972	3684	4809	4877	728	9155	9309	938	940				
2176	2731	2972	4479	4809	5629	6472	9155	9309	940					
283	3131	325	4809	9155										
210	325	3883	4809	9155	9309									
1722	2360	284	4809	5053	9155									
1415	325	3473	4809	555	9155									
162	1722	5172												
2507	2731	3192	4747	5	5172	661	940							
2176	2731	2972	4479	4747	4809	5172	5629	661	938	940				
1931	2176	2348	4476	4809	5172	9731								
2176	2348	2360	284	4479	4809	5053	5172							
1931	2176	2177	2348	284	4809	5172								
2348	2718	3473	3684	4809	4878	5172	6336	728	938					
2348	3473	3684	4401	4809	4878	5172	938							
2348	2360	284	3473	4479	4809	5172	989							
2360	3767	4809	5172	555	9309									
2176	2731	284	2972	4479	4809	4877	5172	6336	940					
283	3131	325	4809	5172										
210	325	3883	4809	5172	9309									
1415	325	3473	4809	5172	555									
2538	3473	4809	5172	555	6336									
2176	2177	2731	2972	3192	3684	4747	4809	5	5629	661	6972	728	938	940
1931	2176	2177	2348	4009	4809	6972								
2176	2348	2349	2360	2731	4479	4809	5629	6972	9309	940				
1931	2176	2348	4476	4809	6972	9731								
210	2348	2718	325	3473	4809	4878	6336	6972						
2348	2360	284	3473	4479	4809	6972	989							
2360	3767	4809	555	6972	9309									
2176	2177	2731	2972	4809	4877	6472	6972	940						
283	3131	325	4809	6972										
210	325	3883	4809	6336	6972									
1722	2731	284	3318	3473	4809	4877	6972	9309						
4809	5053	6972	799											
1415	325	3473	4809	555	6972									
11069	1868	1869	2207											
1868	2343	3325	3683											
1868	3170	7607												
1142	11447	2286	2348	3974	4809	6007	617	6472	8633					
1142	11447	2286	2348	284	3974	4809	6007	617	8633					
1142	11447	2179	2286	2348	3974	4683	4809	6007	617	8633				
1142	11447	2286	2348	3503	3974	4809	6007	617	6472					
1142	11447	2286	2348	284	3503	3974	4809	6007	617					
1142	11447	2179	2286	2348	3503	3974	4683	4809	6007	617				
1142	11447	15458	2286	2348	3974	4809	6007	617	6472					
1142	11447	15458	2286	2348	284	3974	4809	6007	617					
1142	11447	15458	2179	2286	2348	3974	4683	4809	6007	617				
1	2107	2829	3463	5507	557									
1446	15455	1727	197	2107	2643	3463	3998	5507	567	6833				
1446	1575	211	2393	2714	3463									
3463	3683	3754	5697	884										
10341	210	3206	3463	884										
1994	2082	2346	3463	9731										
3462	3463	3464	816											
1598	1727	210	3463	3754	3776									
1710	3268	3463	4015											
210	3463	3643	4939											
193	2346	275	3463											
2392	2906	3206	3462	3463										
3509	4370	565	728											
2646	3509	3754												
3506	3507	3509	3510											
2271	3509	9731												
1165	3509	799												
1931	2444	3509	5053											
10898	1165	13843	2842											
1446	2842	309	3998											
2349	244	2842	4962											
1925	2842	292	295											
1654	1699	1925	2842	4858										
197	2360	2842	555	730										
197	2107	2305	2643	2842	4858	5167	5507	5697						
197	2105	2107	2643	2680	2842	325	3998	5507						
197	2107	2643	2842	285	292	325	3998	5507						
1498	1654	1699	1727	197	2107	2305	2643	2842	4858	5507				
1727	197	2107	2643	2842	3998	5164	5167	5507						
1498	1575	1654	1699	2107	2643	2842	3998	4858	5507	5697				
1575	2107	2323	2643	2842	297	325	5507							
1575	2107	2643	2842	3169	3685	4111	5507							
1575	2107	2323	2643	2842	285	325	5507							
1575	210	2107	2221	2643	2842	325	5507							
1575	2105	2107	2643	2842	325	3998	5164	5507						
1575	2107	2643	2680	2842	292	325	3998	5507						
1575	1654	1727	200	2107	2206	2643	2842	3169	5507	567				
1446	1575	1727	2107	2643	2842	3998	4858	5167	5507	567	6833			
1575	210	2107	2643	2842	2942	3259	5507							
1575	1727	200	2842	3776	4960									
2842	3169	3170												
2842	3093	4858												
1722	2365	6472												
1722	17592	2731	4809	4877	6336									
14940	1722	5436												
15455	197	2107	2643	3169	3685	4111	5507							
15455	1727	197	200	2107	2643	3169	4960	5507						
15455	197	2107	2643	297	5507	939								
1165	15455	1727	197	210	2107	2643	5507	567						
15455	197	2107	2643	4481	5507	5697	939							
15455	197	2107	2643	2942	325	4481	4960	5507						
1446	15455	1654	1727	197	2107	2206	2643	5507	567					
15455	197	2107	2221	2643	5507	567	6833							
1498	15455	197	2107	2643	3259	5507								
15455	197	2107	2323	2643	2680	325	5507							
15455	197	2107	2183	2643	5507	9466								
1498	15455	1699	197	2107	2643	325	3998	5507	5697					
15455	1699	1727	197	2107	2643	3998	5507	567	619					
15455	197	2107	244	2643	2680	325	3998	5507						
15455	197	2107	2643	325	5164	5507	555							
15455	197	2107	2643	285	325	5507	555							
1498	1654	1699	1710	197	2107	2643	4015	4858	5507					
1446	1727	197	2107	2643	3767	5507								
15455	197	2105	2643	325	3301	5507								
15455	197	244	2643	325	3301	5507								
1164	15455	197	939											
197	2720	4650												
197	3307	4858	5167											
1446	197	3998	4655	6833										
1710	197	562												
197	2217	4481	4960											
1708	197	2305	4960											
15455	197	1987	200	4960										
2343	4297	4298	4491	5658	799									
1414	1437	3282	5652	799										
3260	4685	799												
1046	1413	799												
1046	3316	799												
1414	2347	3108	3109	555	564	799								
1414	2347	26	3282	555	564	5652	799							
1163	1416	1859	3206											
1416	1708	2646	5222											
134	1416	196												
2107	2183	2189	5507	557	9466									
2183	3304	557	9466											
2183	3776	3888												
1989	2183	2829	556	558										
1697	2183	3097	5282											
2183	2941	3776	730											
2182	2183	2343	9466											
1994	2183	3282	555	556	564	730								
2535	2873	3776	730											
2285	2345	3776	730											
1925	2731	3776	5106											
1038	2366	3776	4960											
210	3130	3206	3776	4960										
1994	1997	1999	2078											
1994	3775	3890	619											
1444	1727	1994	2535	3129										
1444	1727	17814	1994	2535										
1414	1497	1994	3282											
1859	1994	3108	3773											
2939	3535	4297	4298	5658	5662									
2189	2939	5658												
1046	54	5658												
1046	1928	5658												
3438	4481	567	872											
16	2392	2728	288	290	3466	872	920	935						
1848	1864	2	872											
871	872	881	884											
2392	3715	4506	619	872										
1997	2828	309	3767	872										
1285	3018	3315	872											
1576	1718	245	3018	3315	872									
1456	1718	2728	2828	2942	3018	872								
2206	245	872												
1718	2269	2272	872											
2289	2321	872												
1987	1991	2828	872											
2533	3104	872												
15332	1931	257	4476											
1931	2176	5053	6259											
1245	1931	2348	4298											
1931	4449	6015												
1931	3535	4113	4298	8788										
1928	1931	9466												
1931	2458	3129	5184											
1415	1931	2348	4113	4298										
2645	3131	859												
2507	3192	4747	5	661	859									
17749	3192	4747	5	661	859									
2189	3685	4111	859											
1597	3103	3754	859											
255	3315	859												
1576	199	3104	3685	859										
1044	210	3300	559											
1044	134	4655												
1044	134	562												
1044	1576	2344	2828											
1044	1767	275	4481											
1044	255	3076												
1044	1285	2305	3315	3408										
1044	1285	297	3315	3408										
1044	1576	3408	4109											
1044	193	3408												
1044	2305	3203	3267	3315										
1044	1045	2305	3315											
1497	2365	3129												
1497	1928	5675	7607											
1497	3843	4913												
1497	1498	1699	1710											
1414	1497	1988	3535											
0	1036	1736												
0	1652	1736	3777											
0	1652	1736	2182											
1736	192	2460	3315											
1736	210	2344	2942	3018										
1736	210	2344	2718	6336										
1736	210	2344	2718	9309										
1736	2344	3774	563											
1736	2182	2344	2718											
1736	2182	3246	5697	914										
1937	1999	3251	4482											
3251	3664	938												
1508	2942	3251	3664											
1163	282	6077	921											
1144	1163	282	921											
1139	4370	4809	7712	921										
1436	1699	1955	921											
2680	4113	4401	921											
3203	3267	3775	921											
3203	3267	557	921											
1456	2942	921												
282	5163	557	921											
1596	6077	921												
2349	4652	921												
1989	2449	2701	2829	661										
1989	2873	324	730											
1989	2348	2718												
1989	4113	5167	558											
1436	2365	881	937											
13843	2347	2718	324	881										
1305	2365	881												
1437	275	557	881											
13843	1443	2458	3316	3757	881									
1504	2731	324	881											
13843	1443	2458	3754	5106	605	881								
13843	1437	2458	3757	605	881									
3076	310	3131	816	939										
3076	310	3715	3890											
133	1604	287	3076	310	563									
133	2902	3076	310	727										
1508	2078	2206	310											
2346	310	637												
2972	310	637	728											
2972	310	3192	3684	5	5629	728	938	940						
1118	1652	310												
1652	310	635												
0	1578	310	3890											
2221	2443	2902	310	3131	3308									
210	310	3324												
309	310	936												
2444	4655	884												
1038	2444	2458	3324											
2444	2940	5053												
1494	2444	5053												
15425	2443	2444												
2444	273	3300												
200	2444	3883												
2444	2458	2645	9731											
162	20458	4655												
4655	559	560	561	563										
1991	4655	563												
3316	3757	4655												
1046	4655	5277												
2461	3464	4655	816											
3326	3464	4655	9904											
162	20458	562												
559	560	561	562	563										
3316	3757	562												
1046	5277	562												
1446	1697	1991	2461	562	816									
2182	3998	562	6833											
3326	3464	562	9904											
1414	1937	3324	4912											
13843	1937	6259												
1925	1937	6259												
1937	3775	4920												
1937	2305	2643	5507											
1937	2083	4482	619											
1436	1437	4748												
1039	14298	1437												
1383	1437	1450	193	257										
1273	1437	4899	5662	6054										
1050	1273	1437	5662	6054										
1437	16	3173	3270	636										
14298	1437	692												
1437	1444	282	3270	619	636	838								
1437	211	3173	3270	557	619	838								
2360	4425	5097	6472	940										
2348	2360	3473	4425	4685										
17592	4425	4809	988											
1494	3094	3098												
1927	2932	3098												
1955	2344	3098	3246	5697										
3775	838	839												
2082	2323	839												
2323	3170	839												
196	2323	839												
1928	3173	3270	692	839										
2360	4370	839												
10341	1165	1575	1767	210	2720	32								
203	2720	3097	3773	8780										
1383	1767	1859	243	2720	275	7								
1247	1492	203	2720	5184										
1039	1383	257	2720	7										
1305	1856	2720												
1165	1492	2720	3097											
193	257	2720	3843	4864										
1444	1697	2720	3097	5282										
1444	1859	203	2720	3097	3773	838								
1383	1859	193	2720	275	3326									
17592	3684	4481	5266	728	938									
2083	2958	4481	4482											
15455	3683	4481	567											
2392	3248	3249	373	3754	4	4481	884							
2392	3248	3249	3365	373	3754	4481	884							
309	3883	4481	4841											
1041	4481	4841												
2393	2716	3506	4481											
3018	325	3998	4481	4958	5697									
2107	2461	2643	325	4481	5507	5697								
2392	288	3206	325	4481										
16	1991	2392	288	325	3365	4481								
1578	2461	3018	3248	3249	3754	4	4481							
290	309	3365	3767	4481										
2716	3018	4481	4939											
3018	3216	3506	4481											
1719	2392	2461	290	3365	4481									
1999	2643	4481	5507											
1456	1991	2461	3246	3248	4481	5697								
1039	2175	3018	3467											
1039	2078	210	2839	3018	4506									
1036	1038	1039												
1039	2082	3613												
1039	1498	16629	2713											
1446	211	275	3526	635										
10341	1287	1383	193	243	275	3300								
2392	2461	275	3365	3467	3526	3754	567							
243	275	2858	4506	567	816									
1848	2	243	2701	275	3131									
10341	1287	1767	1859	2	243	275	3206							
1	1767	2	2272	2284	243	275	2858	32	619					
10341	1287	2	243	275	32	3300								
16	2	2272	275	288	3131									
1434	1988	2701	275	3206										
275	2902	3131	3266	3268										
275	3260	3300												
210	2284	2701	275	2900										
275	2858	3268												
10341	1383	1767	2	2393	243	619								
1383	2	211	2393	3173	3683	619								
1576	3018	4109	655											
2716	2858	4109												
3076	4109	4841												
1576	4109	4111												
325	4109	4401												
2206	4107	4108	4109											
3216	4107	4108	4109	694										
3922	4107	4108	4109											
192	193	2900												
10341	162	193	20458											
1450	1643	1864	193											
10341	1643	193	3300	3843										
193	2957	3888	5436											
14940	193	2957	5436											
193	2957	5436	7884											
1859	203	26	3773	5652										
1247	1859	203	3105	565										
1767	1988	210	559											
1045	1163	3754	4841											
1045	1727	2646	2900	3754										
1045	2221	566												
1045	2175	3883	4448											
1045	1163	3250	4920	4960										
1045	1163	3130	3250	4960										
1045	1708	4448												
1045	16	2175	4448											
2533	3758	559												
559	7607	919												
1710	2680	559												
2207	2458	559												
2343	2449	324	559	9466										
2360	4370	559												
2284	2343	2449	324	559										
134	1926	2322	2392											
134	1926	1927	2932	3093										
133	134	1436	1576											
134	1436	1576	3268											
134	2713	288												
134	1856	3506												
134	2778	2804												
134	1584	557												
134	1434	1718	2942	727										
1498	1646	884												
1498	1710	989												
1498	1654	1699	2083	567										
1498	1584	1654	1699	2107	2643	3998	4858	5507	567	6833				
1446	1498	1654	1699	2107	2643	4858	5507	567	816					
1498	1584	3173	3998											
1731	3109	558	8788	940										
13843	162	3109	558											
13843	5185	558												
1	1869	4912	558											
2347	4009	555	556	558	564	8788								
2360	24	4479	555	558										
13843	1869	2458	26	605										
1443	3922	605	7607											
2805	3109	3922	605	7607										
2107	2805	5507	605	7607										
1245	24	2458	5163	605										
13843	1624	2458	5106	5163	605									
2458	295	5106	5163	605	6054									
2176	3535	4297	4370	4747										
3105	3535	4297	4933	555	556	564	8788							
1988	2538	3535	4113	4298										
3535	4297	4298	556	5662	6015									
325	3535	4009	4297	4298	555	564								
3535	4297	4298	555	556	564	6015	8788							
1988	2343	3105	3535	4297	4298									
2348	3318	3535	4298	564										
2176	3105	3535	4009	4298	5184									
1	3535	4298	4912											
1414	2343	3535	4297	4491										
1	2347	555	556	5652	6015									
12978	555	556	6015											
1	3267	4297	6015											
1245	3108	4864	5282	6015										
11069	564	6015												
1050	14298	4864	54	6015										
3683	3708	3843												
2727	3708	3843	4913											
20420	3708	3843	6477											
13843	3708	3843	5106											
13843	3708	3843	7558											
1846	24	243	3843	7										
10898	3843	5436												
10898	3843	730	9731											
1165	3843	5950	6477											
1443	3843	5053	885											
1434	3300	3843	6477											
1928	3300	3843	5053	885										
10341	1038	3300	3843											
16629	3843	6477												
1494	3094	3973	8788											
1247	14298	3094	4932	5184	8788									
26	2940	3973	8788											
1869	24	2458	5163	8788										
1731	2941	564	8788											
1731	24	4933	564	8788										
2347	24	4919	4933	555	556	564	8788							
1928	1929	2323												
1928	1929	692												
17749	1928	657												
1709	223	273												
1709	1710	2940	4395											
1494	1709	1710	4395											
1709	1710	1846	2680	6477										
1708	1709	1710	1711	3957										
1709	1710	2680	3643	3957										
1709	1710	6477	936											
1438	1709	1710	1711											
1273	1709	1710	3643	4899										
1116	1287	1709	3464											
1709	2727	4958	6477											
1163	3250	3767	4920											
2083	2900	3767	4841											
2078	2321	2900	3767	3777										
1577	1997	3767	4920											
2272	2393	290	3767											
1719	1997	2392	3365	3767										
1710	257	5167	5282	6477										
1710	3510	4015												
1438	1710	2643	5507											
3097	4395	5675												
14298	4932	5675												
1988	2083	692												
1414	1988	4009	4395											
11069	1988	2207	2538											
1624	1988	3316												
1987	1988	245												
24	2940	3108	3129	4395										
1492	2940	3094	3097	3129										
1492	1494	26	3129											
1727	2458	3129	3757											
3128	3129	7355												
2805	3108	3109	3129											
17814	2365	24												
17814	2940	3109	4395	5652										
1492	17814	2940	3094	3097										
1494	17814	2939	5184											
13843	17814	2458	26											
17814	3128	7355												
12585	14298	196												
12585	14298	4872	5184											
14298	2107	4858	5167	5507										
2458	3754	5106	6054	6259										
20420	2289	2458	5106	9731										
1245	20420	2458	9731											
1624	2458	2726	2727											
1624	2458	5277												
2458	2533	3754	4919	4962										
2082	2271	2458	9731											
1245	4491	4864	5652											
1245	1273	1444	257	4864	6054									
1243	1245	1246	1247	4860	4864									
1243	1245	1246	4858	4860	4863	4864								
2348	2365	284	3973											
15457	2348	3344												
2069	3758	4683	4962											
1652	2069	3203												
1719	2069	727												
1712	1848	2069	2082	4962										
1117	2069	3775												
1036	1711	2346												
1036	1711	6077												
1036	1144	1711												
1036	1165	1727	210											
1036	199	3224												
2176	2360	4747	5097	940										
255	3192	4747	5	5629										
2177	2727	2972	3284	4747	5266	938								
2177	2727	2972	4747	5266	5282	938								
17592	2176	2177	2727	2972	3192	4747	5	5266	728	938				
17749	2177	2726	2727	2972	3192	4747	5	5266	661					
17749	2177	2972	3192	3684	4747	5	5266	661	728					
1731	2731	4747	5629	940										
1730	3248	3249												
1731	1846	3109	3307	7										
1731	3109	7421												
1731	1846	3307	3664											
1731	2731	3307	9309											
15424	1731	3307												
1492	1731	3094	3107	7712										
1731	1846	5661	793											
1731	3105	5106	565											
1699	1731	3998	6833											
1118	1731	54												
1598	1731	3887	4370											
1731	2078	210	4370	940										
3171	3664	4506												
3664	3890	5266	938											
3664	5266	7558												
3664	727	728	730											
288	3664	728	938											
1041	1305	3664												
0	1456	1578	3130	4506										
0	1578	2270	4506											
0	3246	33												
0	1508	3246	4841											
0	2507	3282												
0	309	3282												
0	3462	3890	4448											
0	1434	2	2728	336										
0	1652	3173	619											
3307	3922	4476	6336	8780										
1504	2731	4479	4877	6336	6472	940								
1596	1699	3684	6336	728	938									
2176	2348	2731	4479	6336	936	940								
17592	4809	4877	6336	988										
4809	5317	6336												
2538	3261	3264	3473	4476	4809	6336								
2731	3261	3318	3473	4479	4809	4877	4878	6336	6472					
2176	2360	3684	4809	5629	6336	728	7712	938	940					
17592	2176	2731	5106	5629	9309									
2348	9309	937	938	940										
1220	3721	4476	9309											
2176	2538	4877	9309	936										
2538	3261	3264	3473	4809	4877	4878	9309	988						
4476	4809	8780	9309											
2538	3261	3264	3473	4809	4878	7712	9309							
3261	3264	3473	4809	4877	4878	6472	9309							
284	3261	3264	3473	4809	4877	4878	9309							
210	3131	325	4809	7712	9309									
210	325	3883	4809	7712	9309									
1596	3473	3684	4809	4878	728	9309	938							
210	2718	325	914	9309										
2182	3105	5106	564	730										
2182	2443	3309	3315	816										
2182	3171	3466	816											
1165	2182	2443	4	5697										
1699	2107	2182	2643	4960	5507	816								
2802	2803	2804	936											
2176	2348	4479	5053	936										
2176	2348	3973	936	940										
1245	6477	936												
3775	4913	936												
1494	24	3108	4634											
3108	3259	4401												
2940	3108	3259	3282											
3108	3922	54	6546											
1	1415	3108	4871											
13843	1414	203	2347	24	3108	555	556	564						
2940	3109	4634	5652											
1415	3259	5652												
2805	3922	54	5652											
1494	2347	3109	4395	555	5652									
4395	4401	555	5652											
1604	3206	4939												
210	2839	3018	3259	4939										
210	3473	4809	4878	4939										
2900	4841	4939	567											
1991	4939	567	727	816										
2	2346	288	3018											
2272	2346	3613												
1771	2	2346	2461	3777										
2270	2346	3309												
1577	1771	2346	3167											
2346	2906	637												
6051	6077	8122												
3076	6077	884												
5259	5260	6077												
2805	2829	4113	4401											
1643	2645	2902												
1643	2443	2902	3308	3309										
1643	2078	7607												
1643	3260	6546												
1434	1643	2305	3300											
15455	2107	2643	2680	5507	6477									
3643	3708	6477												
2078	3773	4958	4959	6477										
10898	162	6477												
1504	3284	5167	6477											
2305	4958	4960	6477											
1991	2284	4958	6477											
2177	2972	4370	6477	7712	940									
1596	3887	6477												
1436	5261	6477												
1624	657	7607	885											
2872	2873	657												
2726	5353	657												
1050	1273	3318	657											
2939	3097	4395	5185	5661	793									
3097	4395	4872	5185											
20457	2939	3097	5185											
15356	2939	3097	5185											
2939	3097	5185	6844											
2724	2939	3097	5185											
1247	3097	3107	8780											
1273	3097	5106	5662	8780										
1492	1494	1846	3097											
1492	3097	4370	565	728										
1492	3097	3773	4899											
1246	1492	1846	3097											
1040	1247	1492	3094	3097	4932									
1050	1247	1492	2872	3097	4865	4932								
3094	3095	3097	3991											
2972	3097	3284												
1415	243	2701	3300											
1415	4395	988												
1415	3261	3264	3473	4809	4878	988								
1415	1856	3300												
1415	1624	2805	2829											
1415	4297	6546												
1415	3473	3684	4809	4878	7712	938								
1	1415	196	243	2449	566									
243	2701	3300	4401											
3261	3264	3473	4401	4809	4878	988								
1856	2680	4401												
2680	4401	4871												
2449	4401	6546												
1	196	243	2449	4401	566									
3094	3106	3973	4932	7712										
3094	3095	3107	4858	4932	7712									
1139	3841	7712												
1492	17592	3684	728	7712	938	940								
1492	17592	4370	7421	7712										
17592	2176	2177	4009	4809	5266	728	7712	940						
3684	4370	4809	4858	7712										
2872	3095	4865	5167											
2872	3106	4865	5167											
1869	2107	4015	5167	5507										
2107	2643	4858	5167	5507	5697	816	884							
1584	2107	2643	3998	4858	5167	5507	567	6833						
2701	5163	5165												
11069	1139	5163												
1436	1576	2713	292											
1576	1718	292	3131											
15455	292	325	5697	635										
1771	292	3248	3249	325	3526									
1925	292	3888	5436											
14940	15455	292	5436											
1925	292	5436	7884											
1955	2217	292												
1577	292	3093												
292	4958	655												
133	1436	2105	2349	3758										
1576	1577	1578	2105	816										
1576	1577	1646	2105	3131										
1925	2105	3248	3249	325										
2105	2107	2643	325	3998	5507	5697	884							
1718	1771	2105	273	655										
1955	2105	273												
2726	2727	2941												
1450	1624	2727	7607											
2727	4634	5222												
2176	2177	2727	2972	3708	5266	661								
2348	282	3974												
1163	282	3250												
1929	4650	4651	4652											
4650	4651	4652	555	556										
1858	4651	885												
200	3758	4652												
2942	4652	4972												
255	3076	4652												
1285	3998	4652	6833											
3248	3249	3467	4652											
1596	1597	1598	1599											
2805	3109	4634	5222											
1869	24	2805	555											
2805	3922	4865	5661	793										
24	2805	3922	5222											
15083	2803	2804	2805											
1436	1926	2349												
1436	2347	2349	2443											
2078	2349	2902	3246											
133	2349	2902	3203	3267										
1711	2349	637												
3774	3775	3890												
1442	3775	4482	4913											
2347	2443	3775	3890											
1955	288	3775	619											
2829	3105	4370	4933	661										
2221	4369	4370												
1139	2176	2177	2726	2972	4370	4809								
17592	2176	2726	2972	4370	4809	7421								
1414	17592	3973	4297	4370	7421									
1436	243	244	245											
1576	1578	1718	244	655										
1576	1577	244	3131	816										
1925	244	3248	3249	325	3526									
1955	2107	244	2643	325	5507	5697								
14940	1925	244	5436											
1575	1578	244	3998											
210	244	2713	3998											
1117	2828	3246	4841											
1117	1597	1955	2443											
1116	1117	1118												
1117	1584	2535	3998											
2343	2829	4297	4491											
2728	2828	2829	3466	727										
2829	3267	3315												
1624	2343	2449	2829	3105	556	730								
1599	2107	2829	5507	557										
2829	3325	3344												
1	2106	2107	2535	2829	5507	566								
1	1727	2107	2535	2829	5507	566								
13843	3708	4871	7558											
1245	3708	7												
1165	243	2858	661											
4683	4809	5629	661	728										
195	3684	661												
2873	3316	3957	4865											
2872	2873	655												
2873	3316	4871												
1247	1492	2873	3106	3107	4932	5184								
2873	3095	3107	4858	4932	5184									
1624	2449	324	7607											
2449	324	3715	5164											
15424	2449	285	324											
2343	2449	3105	324	555	556	564	730							
243	2449	2718	3105	3325	7									
1040	195	2449	4962											
203	2449	3105	3308	4933	565									
2343	2680	324	555											
324	5164	5184												
2347	2731	324	3318	4479	556									
1273	1624	324	4476											
1164	2701	3758												
10341	1604	2701	3206											
10341	2701	273	3300											
210	2701	3131	3216	3506										
1285	2701	3131	3506											
2078	210	2701	2900	3777										
1434	243	2701	655											
2	2701	3131	3330											
1436	2900	3018	730											
1040	2348	730												
2343	243	2533	3282	3325	730									
11009	162	20458												
11069	162	3715	7607											
162	3282	5137												
1247	13843	162	24											
1508	162	3754												
15332	162	2207	4449											
15332	162	3721	6546											
11069	162	5950												
3307	3308	635												
2207	2461	3307												
3307	3365	635												
10898	1247	4865	4932											
1247	4865	4932	5950											
1494	3316	3922	4865											
1245	1697	4476	4865											
1050	1273	15083	4865											
1492	2940	3094	3095	4865	5184									
13843	4865	5661	793											
1494	1504	4479	4865	5184										
1273	3318	4865	4899											
13843	203	243	2535	3282	3325	556	838							
195	196	3318	556											
2347	3109	4395	4479	4919	555	556								
2347	2718	5277	555	556	564									
1846	2940	2941												
1575	1846	257	9466											
10979	3922	4476	8780											
1139	3325	3922	8780											
10979	1273	4476	8780											
1273	1598	4476	5662	6054	8780									
195	3105	4009	4919	4962										
295	3105	3308	4919	4933	4962									
1955	4919	4920												
1848	2272	4919	885											
1712	2272	290												
1046	10898	885												
1247	295	3105	4962	5106										
1163	2305	2535	4960	5106										
1598	210	2900	4960	5106										
1046	5950	885												
1305	1997	309												
1305	3438	5260												
1305	3438	6051												
1436	3018	937												
937	938	939	940											
1443	1699	3324	4015											
1273	13843	1624	3957											
3309	3315	3316												
1245	3284	3316	4871											
1245	3316	4871	5282											
10733	3326	3330	3331	4009										
17592	2176	2177	2726	4009	4809	5	5266							
17592	4009	4809	940	989										
2731	3318	336	3473	4479	4878									
17592	2176	2177	2731	2972	3684	4809	4877	5	5266	728	938	940		
1139	2176	2177	2348	2731	4809	5629	940							
2507	3757	3758												
2507	3888	5436												
1584	2507	286												
1504	284	3683	4476											
1719	4912	637												
210	2347	2348	2718											
1652	2347	2443												
2347	2939	2940	4479	555	564									
1494	2347	3282	3325	555	564									
1450	3830	871												
1719	3467	3754	3998	567	727	935								
16	2392	255	288	920	935									
2305	2902	2942	4960	935										
1599	4482	935												
2321	2728	325	3466	727	935									
2	2321	2728	325	914	935									
1925	2392	2461	2728	325	3365	3466	3526	935						
2344	2461	2728	3467	3754	4	5697	935							
1699	1718	2728	2942	935										
1718	1771	2344	2461	2728	3365	727	935							
16	3173	3365	3754	935										
1434	1727	2305	3167											
1434	2305	2942	3132											
1434	1771	2	2344	2728	2942	325								
1434	1771	2	2728	920										
1434	2269	939												
1434	565	566												
1434	2321	3132												
1434	3206	4108												
1138	2083	3131	3246	939										
1138	1699	2083	5164											
1138	1699	2083	2680											
1138	1699	2083	285											
1138	2083	2221	297											
1138	1711	2206	3169	4841	567									
1138	1576	1578	1991	3169	4841									
1138	1489	1490	1854	1855	3262									
1138	1436	373	567											
1138	1163	3250	3883	4841										
1138	1991	2206	2828	4841										
1138	255	3076	3715	4841										
1138	1508	2900	2942	4841										
1138	3018	3266	3462	4841										
1138	1926	1991	3266	4841										
1138	297	3342	939											
1138	1576	1604	1991	3342	563									
1138	2942	3282	3342											
1138	1997	2461	2828	3246	3309	3342	3467							
1138	1653	1991	2078	2839	3246	3342								
1138	1285	1999	3342	816										
1138	2305	3330	3342											
1138	1285	1653	3342	3883										
1138	1576	1604	1991	3266	3342	727								
1138	1997	2461	2828	3342	3467	727	911							
1138	3266	3304												
1138	2858	3224												
1138	1414	1446	1697	1991	2461	3467	567	816						
1138	1926	2725	3777											
1138	1578	2725	3715	3777										
1138	1604	2078	2713	2725										
1138	2078	2725	3462	3466	816									
1138	1456	1604	2272	2725										
1138	1436	2858	3216											
1138	2270	2272	2858	3246	4506									
1138	1450	5353												
1138	2272	2343	939											
1138	2343	2344	557											
1138	2305	3266	5260											
1138	2321	3266	6051											
1138	17592	2177	2972	3684	4809	728	938							
1138	2942	3018	325	3266	4809									
1138	1139	1140	1142											
1138	2461	3246	3248	3249	3309	3467	3754	4	5697					
1138	2078	3103	3104	3248	3249	3526	4							
1138	2728	3248	3249	325	3526	4960								
1138	1442	1456	200	2221	5697									
1138	1442	1955	5697	884										
1138	1436	1442	1991	3266										
1138	1442	2078	4	727	816									
1138	1442	1997	2078	309										
1138	1599	2107	2643	325	5507	5697	884							
1138	1652	1955	3754	5697										
1040	1138	3131	3466	3467	5697	911								
1138	1466	1991	3131	3246	3466	3467	5697	816						
1138	2221	3131	3246	3309	3467	5697								
1040	1138	1456	2461	3466	3467	5697	911							
1138	1456	2344	2461	2828	3018	3246	3467	5697	816					
1138	2078	2344	2718	938										
1138	1163	2189	2305	3250										
1138	2189	3216	3266											
1138	1576	2828	3018	3131	3466	816								
1138	2392	2828	3462	3777										
1138	2828	325	5164											
1138	1456	1991	2461	2828	3076	3467	727	816	914					
1138	2713	3076	3467	727										
1138	1653	3076	3408											
1138	2461	3076	3715	727	911									
1138	1466	3076	3462	911										
1138	1466	3076	3246	816	884									
1138	1771	2344	2461	3076	325	3467	3526	727	816					
1138	133	1991	3076	3131	816	885								
1138	2078	210	2344	2942	3018	3130	325							
1138	1699	2078	210	2728	4									
1138	2078	2728	290	3246	3466	4								
1138	2078	2206	255	3131										
1138	2078	255	297											
1138	2078	2942	3018	3130	325	816	914							
1138	1991	2078	3130	3131	325	3466	816							
1138	1699	1955	2078	2713										
1138	2078	3018	3093	3462	727									
1138	2078	2728	2902	3131	3246	325								
1138	1604	1991	2078	2322	563									
1138	2078	2344	3526	563										
1138	210	2305	3300											
1138	1438	3315	4753											
1138	1436	255	3315	3330										
1138	1436	1508	3315	3330										
1138	2221	3315	3330	885										
1138	1450	3315	3613											
1138	1576	1604	297	3315	3408	563								
1138	1285	2713	3315	3408										
1138	255	3315	3715	816	939									
1138	1450	1864	3315											
1138	1438	1578	3018	3315										
1138	1466	1578	283	295	3018	3315								
1138	1578	283	295	3018	3315	885								
1138	133	3018	3216	3315	563									
1138	1285	133	297	3018	3315	563								
1138	1285	2221	297	3018	3315	885								
1138	1285	1466	2221	297	3018	3315								
1138	1653	3018	325	3315										
1138	2344	2461	3018	325	3315	3467	816							
1138	1436	1991	3266	3315	3715									
1138	192	2321	2460	3315										
1138	1438	3315	4913											
1138	1699	210	2728	3131	325	4960								
1138	133	1436	1576	1699										
1138	1446	1652	1991											
1138	1466	210	2942	3018										
1138	1771	1997	2942	3018	325	3467	727	914						
1138	2321	3777	4913											
1138	1771	3268	3777											
1138	3246	3467	3754	3774	914									
1138	2392	2461	3246	3309	3467	3526	4	816						
1138	1858	3246	3467	885										
1138	2900	3774	4960											
1138	309	3250	4960											
1138	1578	283	295	3250										
1138	1466	2902	3131	4482										
1138	2270	3438	557											
1138	1999	3093	3266											
1138	1599	2107	2643	325	5164	5507								
1138	1456	3130	816	884										
1138	1955	2461	2728	325	3526	3754	727	914						
1138	1576	2538												
1138	1245	2348												
1138	1576	283	3103	3104	3131									
1138	1446	2392	2461	3466	3467	3526	4	727	816					
1138	3308	3526	911											
1138	1771	297	3018	325										
1138	2272	3131	885	911										
1138	1926	1991	3131	3266										
1138	2902	3131	3268	3308	3309									
1138	255	309	3268											
1040	1138	2713	2902											
1138	1653	2902	3438											
1138	1444	2321	2322											
1138	1446	1450	2323											
1040	1138	1446	1991	2461	3467	567	816							
1138	210	3018	3093	3216										
1138	1436	1508	2322	2839										
1138	2322	3326												
1138	3018	3268	3438											
1138	1858	3203	3267											
1446	1575	211	2206	2393	33									
1413	1578	33	3715	816										
1578	33	336	4	816										
2107	2643	33	3467	5507	5697	816								
2344	2392	33	3467	4	727	816								
2392	3246	33	3467	816	914									
33	3326	336	4											
1413	33	3715	561											
1718	2078	2285	2344	2728	3365									
2285	286	287												
1718	2285	2323												
2284	2285	3132												
2285	3887	3998	4858	6833										
2285	2728	3365	3754	914										
1597	3103	3248	3249	3754	4	5697	884							
1584	1597	3248	3249	3754	5697									
1597	3246	3467	5697	885										
1597	1927	2728	2932	3315										
1442	1597	3717												
1597	192	2460	3315											
1597	1711	2271	3250											
1438	1597	2958												
1597	2344	325	3250											
1597	3754	557	914											
1597	3326	3754	4											
1597	2175	2461	3466	3467										
16	2	2718	325	914										
16	2828	309	3171	3506	4841									
16	1991	2	3342	4841										
16	1719	2392	2716	2828	3171									
16	2344	2392	2728	2828	325									
16	2716	290	3093											
16	1646	2716	309											
16	2175	290	309	4448										
16	255	4448	655											
2	3330	4												
2	210	2839	288	3018	3259									
2	210	2348	2718	325	3473									
1285	2	2461	3018											
1719	1997	2	2461	920										
1955	2	2461	2728	325	3526	914								
2	2321	2716												
2	2718	2942	325	555	564									
1040	2461	3365	3466	3467	5697	911								
1719	1997	2175	2461	3365	3466	3467								
3018	3365	3841												
1997	2078	309	3365	911										
1926	1991	2322	2392	3365										
1991	2392	2461	3246	3248	3365	3467	567							
2392	2461	3365	3466	3526	727	816	920							
1997	2269	2392	3018	3365										
1718	1771	2728	3018	3248	3249	3365	655							
2461	3248	3249	3365	3510	3754	567								
1987	200	2305	2345	2958	4960									
1163	200	2345	3250	4960	884									
200	2345	4506												
2345	2958	3104												
2343	2344	2345												
2345	2643	3998	5507	6833	884									
1163	1718	3250	4448	655										
1718	2725	3330	816											
1718	2272	243	2839	4506										
1456	1718	200	2461	3076										
1718	2728	2839	3076	3246										
1718	273	2900	655											
1456	1718	2175	2828	3018	4448									
1576	1578	1718	283	295	3018	3266	3315							
1576	1718	3018	3315	563	914									
1456	1718	2461	2728	3018	3246	3248	3249	3266						
1578	1718	245	2839	288	3018									
1718	2392	2828	2942	3206										
1718	2078	2900	2942	309	3777									
1718	288	309	3268	3506										
1578	1718	3248	3249	3250	655									
1718	2321	3315	3331											
1718	2272	2839	4448	4506	727									
1718	2321	2728	3315	655										
1718	2321	2728	3266	3315	336									
211	635	636	637											
1654	1711	567	637											
1991	283	637												
2078	210	2718	290	325	635									
1719	1925	210	290	3466	635									
1578	2716	290	3883	635										
2716	288	3018	3506	635										
1285	297	3018	563	635										
1285	3018	3506	4841	635										
2828	3018	3466	3506	635	920									
210	2272	3206	3883	635	939									
3130	3250	3883	4448	635										
1578	1653	3250	3883	635										
2269	2272	4841	635											
295	3266	3309	635											
1139	5266	5629	7											
1139	11447	2348	4809	5629										
2177	2972	3684	5629	728	919									
2360	2900	5629												
2078	3684	5266	728	938	940									
2360	284	5097	940	989										
3684	4107	5	938	940										
2716	2828	287	3018											
2716	287	3018	3438											
1576	1604	283	287	295	3315									
1041	287	3315												
1285	287	297	3315	3408	563									
2461	287	3315	3408	911										
1599	287	325	3315											
1576	283	287	295	3018	4448									
20409	286	287												
286	287	4506												
3192	5	727	911											
1699	2177	3192	3684	728	938									
3324	4015	5222												
2902	3324	3330												
3324	3325	3326	3330	3331	3342									
1442	210	3890												
1436	286	3890												
1576	1578	3018	3315	3890	655									
1578	283	3266	3315	3715	3890									
1624	1625	1848	1850											
200	2443	3248	3309	5697										
1955	2443	3103	3104	3131	3309	5697								
2443	309	5697	816											
2443	3309	5697	693											
2443	3282	3957												
2443	2713	4448	4841											
2443	3103	3104	3308	3309	3526	4								
2443	283	295	3018	3266	3315	336								
1856	2305	2443	3315											
2443	3308	3309	3315	693										
133	2443	3018	3131	3308										
210	2443	3131	694											
1466	2322	2443	2902											
2443	2804	283	295											
286	3998	5												
1118	3076	3342												
1118	4809	54												
1711	211	2270	3270	557										
2392	2645	727	9731											
1869	3344	7421												
1869	7421	7489												
1869	2348	2360	3109											
3922	6259	7607												
2289	3171	838												
2289	4395	5661	793											
2289	2348	2360	5053											
2289	2348	4932												
1142	11447	2348	4683	4685										
1142	11447	2348	4683	4809	728									
1142	11447	2286	2348	3974	4809	597	6007	617	6472					
1142	11447	2286	2348	284	3974	4809	597	6007	617					
1142	11447	2179	2286	2348	3974	4683	4809	597	6007	617				
1142	11447	2286	2348	3974	4809	5182	6007	617	6472	6517				
1142	11447	2286	2348	284	3974	4809	5182	6007	617	6517				
1142	11447	2179	2286	2348	3974	4683	4809	5182	6007	617	6517			
1604	2839	3315	655											
1578	290	3315	655											
1578	1925	283	295											
1699	1925	1927	2728	2932	2942									
1925	1927	1997	2932	2942										
1456	1925	2725	290	3466										
1925	210	2942	3206	325	4960									
1653	1925	2942	3246	325										
1925	210	2392	2728	288	290	325	3466							
1163	1165	1584	2535	3754										
1165	1584	2858	3510	3754	567									
1584	2270	2535	2858	3717	3754	567								
1584	2082	2270	2839	567										
2533	3103	3104	3248	3249	3754									
1624	2533	54												
2078	3248	3249	3526	4448	567									
2392	2858	4448	4506	567	727									
2078	2858	2900	4448	4506	567									
200	3169	3250	4448											
2189	2828	4448												
2839	3018	3266	4448	4841										
2725	2839	3259	3777	4448										
2078	3130	3777	4448	920										
1771	210	2728	3883	4448										
1436	2906	297	4448											
1927	2932	3331	3510											
1456	1926	3464												
2461	3103	3104	3248	3249	3464	3467								
1116	1287	2600	3464											
3248	3249	5053												
3683	4476	5053	7489											
3683	4920	5053												
3683	4476	5053	6472											
3167	3170	5053												
1654	2177	3684	5266	728	938									
1653	1654	200	884											
1654	3103	3104	5697											
1653	1654	3326												
1038	1654	4015												
2941	4479	5222												
2360	2939	4479	555											
4449	4479	555												
1576	3169	3685	694											
3169	3304	3685	4111	557										
2271	3169	3685	4111											
2270	2839	3169	3685											
2957	3104	3685												
1576	2107	245	3685	5507										
1442	3998	6833	884											
1413	1446	3998	6833											
15455	1699	3998	5436	6833	919									
3094	3095	3998	4858	6833										
3094	3106	3998	4858	6833										
1699	20420	6833												
2713	3887	3998	4491											
1727	3998	920												
2269	286	3998												
1446	2271	2716												
2271	2272	2902	3131	3266										
1711	200	2271	3169	3250										
2221	2271	297												
2271	2900	3301												
2269	2270	2271	2272											
15455	2107	2360	2643	2942	325	3473	4809	5507	555					
1414	4015	4297	555	564										
2305	2718	2942	564											
2210	3315	3754	7607											
14940	2210	3284												
2210	5282	7884												
1858	2210	9466												
2210	3888	5436												
2210	3683	7884												
1727	2535	2900	3173	3683	3717	3754	838							
1165	243	2535	2858	3282	3717	3754								
15083	2107	2643	4858	5507										
14940	15455	199	5436											
199	2270	3131	3268											
1456	199	200	2221											
2175	2176	2177	2179	3206										
2175	2957	3206												
2175	2461	3715	3777											
1577	1719	2175	2900	3466										
1446	1719	2175	2461	3466	3467	3526								
2175	2828	2900	3018	3466	816	920								
1164	15455	4482												
15455	16629	5697	619											
15455	16629	3888	3991	5436										
14940	15455	16629	3991	5436										
15455	16629	3991	5436	7884										
15455	1599	3888	5436											
15455	1699	3888	5436	919										
15455	5436	7884	919											
15455	2643	3991	5507											
15455	1599	2107	2643	285	325	5507								
1414	1929	4650												
1599	1929	2078												
15332	257	4491												
1646	3315	4491												
1246	4015	5222												
1492	203	2106	26											
20420	2972	4650												
1243	4395	5661	793											
1493	4395	5661	793											
4395	5097	5185	5661	793										
2940	4395	5097	5185											
1494	4395	5097	5185											
26	4395	5222												
2348	4395	4685	938											
1243	1494	4395												
3095	3973	4932	4933											
2176	26	3973	7421											
1599	2680	2939												
2939	5184	54	5662											
1575	2393	243	619	939										
1575	1577	200	243	567										
1599	203	3325	3683											
1041	1436	286	4482											
3841	4108	4958												
1436	1442	3841												
286	3224	3841												
3315	3841	561												
1436	1442	2221	920											
1442	1997	2828	5697	920										
1436	1442	1997	4482	920										
1436	1858	920												
2461	3266	3342	727	816	920									
2725	3506	4920	920											
1997	2078	3018	3466	4	727	920								
1719	1997	2828	3171	3466	3506	920								
2272	2461	2828	3777	920										
2392	2645	288	3131	3246										
2078	210	288	3130	3777										
2839	288	3887												
3922	5222	5277												
15332	257	3922	4476											
2940	3094	3106	3107	3922	5184									
1247	3922	4860												
1050	1247	1273	3643											
1273	1598	257	7											
1273	1444	2176	4476	5662										
17592	2176	2177	3684	5184	728									
2176	2726	2972	4685	5266										
1456	1926	1991	4958											
1955	4958	5697	619											
1220	2207	3683	4476											
1727	2360	284	3683											
1575	1576	1578	3408											
1575	1711	1727	2680											
1444	1575	2321	3259											
2393	2828	336	619											
1646	1997	4482	619											
1165	2305	3467	3754	5697										
1165	309	3754	5697											
1163	1165	200	2107	2305	5507									
1598	2941	4899												
1040	1273	4899	4932	4933										
1273	2872	4899	4932	54										
1050	1273	1490												
1050	1273	1598	4933	54										
2207	54	6546												
3107	54	9466												
2645	3170	3171												
15083	3170	5277												
11069	1139	3325	3721											
1139	2714	7												
17749	5097	5185	793											
1436	15083	245												
2107	245	2942	5507	816										
11069	2538	3267												
133	2305	273												
2366	3103	3104												
2305	2360	2366	2942											
211	2713	373												
192	211	2460	3526											
1604	2392	2645	727											
2221	2645	2902	3131	3246	885									
2645	2646	843												
1466	2221	2645	3315											
2940	3684	5184	919											
1494	2941	3094	3107											
1494	3259	4107												
1494	3684	5184	919											
1494	3684	4107	938											
1578	3266	3715	694											
210	3216	4506	694											
1727	2107	2189	3169	5507										
1727	285	6472												
210	2272	2643	2942	3206	5507									
2322	2392	2828	3206											
2177	2600	3206												
1285	3206	3462												
1436	2305	3018	3506											
1446	1997	2078	3466	3506										
3506	4841	4972												
3506	561	563												
1719	3130	3132												
3264	336	3473	4878	988										
3466	3473	3684	4809	4878	728	938								
255	3076	3131	3507											
2839	3259	692												
3018	3259	3438	4841											
1456	3203	3259	3267											
10336	195	196												
1046	1058	3284												
3260	5661	793												
3260	3309	3315	816											
1413	2393	2828												
1413	4841	4972												
2348	2360	3473	4685	989										
12978	3284	4476												
1246	3284	4449												
12978	4476	5282												
1245	5277	5282												
1246	4449	5282												
1220	12978	3344	4476											
15332	3344	4449	4476											
2348	2538	4476	7489											
1220	12978	4476	7489											
15332	4449	4476	7489											
12978	15332	2207	4476											
1220	4476	5184												
12978	3721	4476	5662											
285	6472	8133												
284	285	8133												
2360	5184	565	728											
283	3131	3266	560											
3315	3408	561	563											
2393	2718	561												
3203	3267	3315	9904											
1466	2906	3315	816											
1466	2902	2906	3131											
2872	3094	3758	5184											
3330	3342	5266												
2270	3268	692												
6054	7607	919												
283	325	3266	3315	336	3715									
1040	4933	5184	565											
1164	2348	4809												
2828	2900	3773												
2078	223	3773												
20457	5097	5185												
1927	2932	3315	3408											
1927	283	2932	3315											
1927	2932	3076	3777											
1927	3130	3315												
1246	1247	4533	4860											
1856	2902	565												
1856	1987	2305	2958											
3884	3885	3886	3887	3888	4932									
1492	17592	5184	565	728										
3923	5183	5184	5185	5337	597	603								
3923	5182	5183	5184	5185	5337	603								
3923	5183	5184	5185	5337	600	601	602	603						
3923	4872	5183	5184	5185	600	601	602	603						
1246	1652	3267												
2272	2393	2858	3438											
2392	2393	4685												
1624	1625	5586												
1450	1624	1864												
1699	2305	4960	5436											
1652	4972	5436												
2955	2956	2957	2958	5182										
2392	3171	3715	3777											
1711	3167	3169	3171											
1466	3171	3330	816											
1577	2716	567	816											
1653	2716	3462	939											
2217	3883	5260												
1991	2217	2321	3266	3315										
2217	2305	3315	8122											
2217	2305	3315	5259											
2217	2305	5259	6051											
2217	2392	3462												
1604	1646	3076	911											
1577	1646	1711	1997	911										
3308	3309	3331	565											
3315	3331	3715	4960											
1456	2828	3246	3331	3466										
2942	3130	4972												
1508	2942	4841	4972											
2107	2643	2942	4972	5507										
1708	2305	3315	939											
1577	1991	2902	3131	3266										
1623	1640	1852	1853											
2206	3131	3132												
2802	4108	4841												
1991	2078	2206	4108											
1711	3167	3408												
1847	2107	2643	5507											
13887	15424	5164												
3264	3267	3268												
14739	3466	3467	3473											
1487	1489	1490	5098											
1854	1855	4993												
11069	2106	3439	6965											
2183	2842	9466												
1652	310	3131												
1383	2	2344												
1848	1990	4962												
1699	1955	2942												
1138	255	2858												
1165	3754	635												
